0.102222
0.099245
0.037098
0.085376
0.066776
0.031009
0.105452
0.075524
0.084113
-0.004798
0.023679
0.020877
-0.061374
0.150901
0.034882
0.083645
0.108323
-0.010484
0.114575
-0.022698
-0.022789
0.081657
0.128226
0.015024
0.035258
-0.075498
0.113724
-0.014246
0.037486
-0.075100
0.018168
-0.067881
0.081409
-0.026798
-0.054254
0.012725
0.002582
-0.078031
-0.008480
0.021564
-0.041199
0.098652
0.037962
-0.048012
-0.013085
0.090157
0.223136
-0.036331
0.039584
0.095873
-0.039450
-0.081651
0.068542
-0.083063
-0.037571
-0.004495
-0.007092
0.084760
-0.025309
0.056888
0.171589
-0.047219
-0.037636
-0.010942
-0.091948
0.106766
-0.019260
0.034192
0.006514
-0.048067
0.181024
-0.010034
0.027464
-0.027156
0.008354
-0.063606
-0.047564
-0.024528
-0.051422
-0.073654
-0.088888
0.009645
0.073187
0.171727
