-0.028751
-0.034749
0.044219
-0.034493
-0.032441
-0.020809
0.059866
-0.037726
0.046233
0.053159
-0.022930
0.037914
-0.004170
0.025472
0.035967
0.011016
0.025749
0.028643
0.027814
0.004455
-0.024884
0.003746
-0.044457
-0.057545
-0.046231
-0.024769
0.021768
0.047995
-0.027704
-0.006530
-0.013119
-0.065614
-0.069374
-0.031469
0.030064
-0.052643
0.069090
-0.053248
0.058235
0.018373
0.101899
-0.025516
-0.068147
-0.013013
-0.018531
0.030450
0.094109
0.107270
0.047727
0.016758
-0.020417
-0.007859
0.014114
0.020397
0.105361
-0.046360
-0.039787
0.050887
0.072811
-0.000244
-0.019483
0.001145
-0.022307
0.017097
0.012889
0.021899
-0.034003
0.029370
0.075241
-0.014299
0.042736
0.034325
0.001118
0.020202
0.011288
-0.060496
0.082181
-0.009206
-0.031237
-0.044621
0.037707
-0.042030
0.095698
-0.011832
0.025674
0.012104
-0.043162
0.003316
-0.037683
-0.012939
-0.045164
-0.055056
-0.037603
-0.047917
-0.002068
-0.054276
0.055564
-0.031405
0.059139
-0.022383
-0.043956
-0.014275
-0.031706
-0.021175
0.063528
0.004530
0.011259
0.027613
-0.036463
0.014303
-0.036230
-0.007702
-0.020694
-0.023719
0.038599
-0.022797
-0.029710
0.007083
-0.000873
0.073084
